Czasy działania

Powiększanie o 1

Ilość			Czasy [ms]
10				0.02015 	0.054778	0.031016
1000			1.78643		1.90471		1.76672
100000			17784.4		17695.3		17912
1000000			1.85616e+06
1000000000		kilkaset lat


Powiększanie 2x

Ilość			Czasy [ms]
10				0.028121	0.026529	0.020142
1000			0.207396	0.238687	0.185193
100000			25.5722		30.3619		19.6258
1000000			237.193		202.088		203.177
1000000000		

Powiększanie 1.5x

Ilość			Czasy [ms]
10				0.021266	0.020153	0.018088
1000			0.208555	0.179709	0.176117
100000			24.9265		32.2362		23.3921
1000000			208.014		208.382		206.837
1000000000		
